1	16713	571.445739	230.633909	98.234414	2.347791	0.643153	12.991299	1
2	15872.5	546.031525	215.557417	96.690227	2.229361	0.66899	7.502882	1
3	15926	545.788885	219.111844	97.046381	2.257805	0.671842	15.082619	1
4	16469	560.617312	228.560714	95.257546	2.399397	0.658482	19.516399	1
5	15629	535.989895	211.945748	96.420952	2.19813	0.683641	12.70782	1
6	15023	533.587874	219.604189	97.061836	2.262518	0.663063	18.626492	1
7	14019.5	518.516807	206.951685	90.244113	2.293243	0.655265	9.578849	1
8	14176.5	565.605119	240.066657	78.262379	3.067459	0.556868	9.375004	1
9	17336.5	567.546244	230.054341	100.806746	2.282132	0.676346	7.616017	1
10	15541	542.759447	216.723326	95.707889	2.264425	0.66294	6.566972	1
11	15348.5	556.918828	227.554389	91.08238	2.498336	0.621859	27.320873	1
12	16986	571.788885	227.982455	100.84146	2.260801	0.652874	17.121143	1
13	15528	532.617312	212.115535	99.809819	2.125197	0.687852	18.712354	1
14	16590.5	565.546244	228.265197	96.13012	2.374544	0.651828	9.666323	1
15	15036	524.901583	213.234613	94.366308	2.259648	0.685783	5.483732	1
16	16987.5	556.031525	222.89908	101.400197	2.198212	0.690463	11.700077	1
17	15312.5	545.747255	222.524156	91.662424	2.427649	0.64606	19.651049	1
18	16578	578.759447	237.928561	93.343452	2.548958	0.621936	19.452349	1
19	17318	576.475177	231.821052	100.578328	2.304881	0.654857	10.317761	1
20	17772	586.416301	235.764713	102.259474	2.305554	0.649433	12.326999	1
21	16149.5	556.232536	227.607118	94.641429	2.404942	0.655928	17.834164	1
22	15994.5	542.374671	221.650626	94.762862	2.339003	0.683253	13.954494	1
23	14761	519.646749	206.545395	95.257546	2.168284	0.686925	16.254615	1
24	14278.5	534.918828	219.385505	86.145226	2.546694	0.627071	44.058126	1
25	13828.5	498.918828	196.305884	95.189285	2.062269	0.698112	14.615609	1
26	17100.5	562.859953	226.550215	101.390335	2.234436	0.678294	18.031896	1
27	16906	568.617312	231.041122	98.762341	2.339365	0.657068	10.144743	1
28	16861.5	557.546244	222.315092	102.107786	2.177259	0.681623	11.197695	1
29	15226	551.102593	222.173356	96.87621	2.293374	0.629986	24.00085	1
30	16241	558.274166	226.497241	94.641429	2.393215	0.654828	20.345223	1
31	14772	558.274166	213.475994	94.371606	2.262079	0.595599	10.674387	1
32	15737	544.759447	218.908657	95.341491	2.296048	0.66638	10.08797	1
33	14709	522.759447	206.770404	96.87621	2.134378	0.676378	22.055253	1
34	15269	525.303604	210.23796	94.085068	2.234552	0.695344	11.080819	1
35	17148.5	576.232536	232.939906	96.747093	2.40772	0.648994	21.433714	1
36	16290	558.617312	222.272355	97.49359	2.279866	0.655997	13.559823	1
37	13677	511.303604	208.165799	87.464278	2.380009	0.65742	9.904931	1
38	16253.5	549.203098	222.396043	97.862148	2.272544	0.677159	9.847885	1
39	15657.5	540.859953	217.517815	97.164808	2.238648	0.672609	5.97959	1
40	17134.5	564.374671	224.376915	100.179838	2.239741	0.675999	12.477721	1
41	16756.5	581.88939	233.773395	94.339811	2.477993	0.621888	12.558878	1
42	16883	574.617312	234.931905	96.17692	2.442706	0.642543	9.584864	1
1	16592.5	549.88939	220.229426	104.278473	2.111936	0.689558	11.096274	2
2	17355.5	566.516807	231.905153	100.662803	2.303782	0.67955	7.891944	2
3	17182.5	554.031525	222.685877	103.585713	2.149774	0.70344	12.966789	2
4	17733	564.274166	224.770995	106.705201	2.106467	0.699861	31.586385	2
5	18245	570.274166	227.266364	107.935166	2.105582	0.704995	27.064343	2
6	18486	582.901583	232.948492	104.388697	2.231549	0.683695	10.573526	2
7	17344.5	567.002088	229.314195	105.004762	2.183846	0.677957	8.014076	2
8	19105.5	594.114786	238.732067	105.536723	2.262076	0.680186	17.14621	2
9	18738	582.274166	235.372046	106.51291	2.209798	0.694509	7.933008	2
10	18552	582.357426	229.965215	107.703296	2.135173	0.687419	14.339026	2
11	17199.5	552.516807	220.004545	105.475116	2.085843	0.708002	8.314262	2
12	16410	565.244729	228.021929	97.3242	2.342911	0.645424	6.557989	2
13	18699	582.274166	230.360587	108.664622	2.119923	0.693064	7.021879	2
14	18421	588.073156	236.662207	101.710373	2.326825	0.669361	17.90651	2
15	16997	557.73001	220.791757	106.367288	2.075749	0.686648	8.265007	2
16	17994	589.93102	217.076024	114.236597	1.900232	0.649733	8.584814	2
17	19382	599.244729	236.541751	110.222502	2.146039	0.678266	4.462383	2
18	17392	571.788885	230.37578	102.107786	2.256202	0.668479	16.714794	2
19	18197	588.357426	236.562888	100.439036	2.355288	0.660583	30.649668	2
20	16830.5	558.658942	227.712538	102.313244	2.225641	0.677662	15.763855	2
21	18339.5	581.345234	231.261756	106.117859	2.179292	0.681913	11.837905	2
22	16379	552.818322	219.822656	97.329338	2.258545	0.673492	12.326005	2
23	18338	582.960458	233.137299	104.479663	2.231413	0.678084	15.887737	2
24	16454	551.788885	222.171105	99.689518	2.228631	0.679103	11.021072	2
25	19386	595.872145	239.409691	110.163515	2.173221	0.686107	10.088641	2
26	17868.5	567.002088	225.268728	106.117859	2.122816	0.698439	4.443936	2
27	17525.5	587.203098	231.365512	100.179838	2.309502	0.63871	31.644845	2
28	16998	557.445739	224.891085	101.400197	2.217856	0.687389	22.253599	2
29	18127.5	570.516807	226.565664	106.301458	2.13135	0.69986	5.101146	2
30	17933	603.043718	241.406297	108.046286	2.234286	0.619677	3.435718	2
31	19065.5	591.203098	236.177899	105.929222	2.229582	0.685464	7.578836	2
32	18629.5	595.97265	244.311277	102.459748	2.384461	0.659111	17.499642	2
33	18074	574.617312	229.512527	107.489534	2.135208	0.687871	13.502807	2
34	17531.5	563.546244	223.986607	105.323312	2.126657	0.693697	28.827687	2
35	18284.5	593.144223	238.436574	105.304321	2.264262	0.653089	12.291441	2
36	18323	589.244729	239.60384	101.242284	2.366638	0.663155	17.042429	2
37	17965	574.842708	227.404925	106.901824	2.127231	0.683186	6.814342	2
38	18159.5	583.88939	239.870799	98.152942	2.443847	0.669349	7.71634	2
39	16494.5	558.173661	223.573254	102.239914	2.186751	0.665289	9.619307	2
40	18219.5	592.031525	235.153142	103.754518	2.266438	0.653216	19.636944	2
41	17328	566.759447	225.53492	105.11898	2.14552	0.677892	12.859497	2
42	16289.5	557.203098	226.267541	98.127468	2.305853	0.659311	9.225439	2
43	15266.5	540.516807	216.448608	91.662424	2.361367	0.656645	3.851283	2
44	17040.5	558.717817	220.510771	101.242284	2.17805	0.685973	10.332502	2
45	16540	547.587874	221.686716	101.833197	2.176959	0.693167	16.742591	2
46	15697	550.416301	215.148786	101.390335	2.121985	0.651094	11.707924	2
47	16699	561.386864	228.063588	101.493842	2.247068	0.665849	11.485137	2
48	13374.5	749.286359	223.257699	92.395887	2.416316	0.299359	34.719102	2
1	14905	519.788885	206.494552	99.141313	2.082831	0.693247	10.81043	1
2	13401.5	516.776692	212.398211	86.884981	2.444591	0.630605	4.151335	1
3	14737.5	538.859953	215.244048	91.482239	2.352851	0.637796	20.890476	1
4	16324.5	558.859953	225.337525	102.961158	2.188568	0.656816	17.212545	1
5	15525	539.303604	211.047388	99.503769	2.120999	0.670772	7.369449	1
6	17328	583.788885	233.619349	96.25487	2.427091	0.63892	19.934013	1
7	13931	518.960458	210.192769	93.085982	2.25805	0.650015	13.845798	1
8	15792	557.102593	223.886132	96.87621	2.311054	0.639406	6.474	1
9	14902	539.989895	219.209945	88.45903	2.478096	0.642219	31.876557	1
10	13741	510.475177	206.072803	90.448881	2.278334	0.662642	15.468331	1
11	16940	559.445739	226.490618	100.900942	2.244683	0.680154	10.303793	1
12	15212	538.475177	216.333077	92.135769	2.347981	0.659272	14.496416	1
13	15041	524.475177	208.079312	98.84331	2.105143	0.687127	9.620535	1
14	13558	509.303604	204.550727	89.274856	2.291247	0.656829	14.89774	1
15	15600.5	545.404109	224.439301	90.934042	2.468155	0.65904	8.397466	1
16	16710	544.617312	217.221086	102.591423	2.117342	0.707951	12.018048	1
17	16130	563.646749	225.88714	95.336247	2.369373	0.638014	19.090797	1
18	16702.5	567.144223	229.455878	97.862148	2.344685	0.652536	13.761932	1
19	14837	530.132031	217.862342	92.444578	2.356681	0.663419	29.487445	1
20	12630.5	515.605119	214.457455	77.162167	2.779308	0.59703	6.773048	1
21	17539.5	569.830515	227.607118	104.690019	2.174105	0.67879	8.625192	1
22	16377	559.303604	228.475382	95.900991	2.382409	0.657883	13.049178	1
23	17041.5	574.173661	237.474209	98.183502	2.418677	0.649578	6.883176	1
24	15953	572.132031	226.565664	95.036835	2.383977	0.612435	12.93253	1
25	17404	584.901583	231.94827	102.825094	2.255755	0.639283	18.026309	1
26	14977.5	533.060963	215.027905	93.434469	2.301377	0.662362	16.493683	1
27	16830	586.416301	241.132744	93.770998	2.571507	0.61501	38.411536	1
28	14083	525.303604	214.086431	88.543774	2.41786	0.641334	14.816095	1
29	16559.5	558.031525	223.188261	100.498756	2.220806	0.668251	12.584699	1
30	16480	571.73001	232.019396	93.941471	2.469829	0.633556	31.488709	1
31	15175.5	528.090401	213.883146	93.214806	2.294519	0.683811	10.02514	1
32	17093	584.274166	235.919478	97.164808	2.428034	0.629209	28.408646	1
33	18188	583.788885	237.023206	100.404183	2.360691	0.67063	15.830405	1
34	13646	510.333041	206.421898	91.443972	2.257359	0.658427	12.597185	1
35	15773.5	564.516807	233.828997	95.336247	2.452677	0.621991	9.084976	1
36	15340	529.303604	210.544532	98.488578	2.137756	0.688059	9.10928	1
37	16386	559.93102	226.559043	97.49359	2.323835	0.656771	12.566075	1
38	15596	543.646749	221.117616	95.35198	2.318962	0.663116	8.740127	1
39	15846	554.676187	222.81158	94.339811	2.361798	0.647218	17.119046	1
40	14869	558.676187	229.427548	86.145226	2.663265	0.598648	22.186892	1
41	16283.5	552.374671	225.800797	95.801879	2.356956	0.670641	8.17769	1
42	17273.5	579.546244	238.600084	95.880134	2.488525	0.64627	11.326897	1
43	16637.5	555.830515	226.88323	96.332757	2.355203	0.676726	8.474456	1
44	17368.5	593.203098	239.014644	94.429868	2.531134	0.620248	15.617099	1
45	16080.5	564.575682	224.588513	97.164808	2.311418	0.633965	33.41274	1
46	15747.5	561.747255	225.977875	92.439169	2.444612	0.627104	11.449642	1
47	16332	584.960458	232.131428	95.35198	2.434469	0.599786	8.330527	1
48	16259.5	556.859953	227.316959	97.12878	2.340367	0.658908	6.8633	1
1	17676.5	577.286359	229.26404	102.615788	2.234198	0.666536	10.159033	2
2	18548.5	579.487369	232.243407	105.574618	2.199803	0.694114	5.235102	2
3	16307.5	546.031525	218.330025	99.126182	2.202546	0.687324	22.138585	2
4	17068	556.617312	218.21549	105.574618	2.066931	0.692276	5.378314	2
5	19184	584.416301	234.183689	109.44405	2.139757	0.705837	17.49061	2
6	19123	603.244729	243.462523	106.230881	2.291824	0.660357	3.622368	2
7	18536	595.303604	244.724335	98.73196	2.478674	0.657278	7.543284	2
8	16424.5	545.345234	213.190056	104.076895	2.04839	0.693999	22.765007	2
9	16545.5	561.487369	226.638479	100.31949	2.259167	0.659492	8.892365	2
10	19625.5	602.457932	235.747747	112.294256	2.099375	0.679481	11.687901	2
11	19078.5	589.002088	232.690782	110.765518	2.100751	0.691067	20.171257	2
12	17638.5	588.374671	241.350368	97.514102	2.47503	0.640271	25.997312	2
13	16787.5	554.859953	225.488359	101.513546	2.221264	0.685219	11.766255	2
14	19339.5	591.345234	237.255137	107.116759	2.214921	0.694981	18.257853	2
15	17773.5	571.68838	230.217289	103.077641	2.233436	0.683383	6.960074	2
16	15552	533.587874	213.845739	97.416631	2.195167	0.686411	4.382488	2
17	17070	552.475177	219.10728	101.493842	2.158823	0.702777	16.760237	2
18	19264.5	613.68838	248.068539	103.484298	2.397161	0.642794	26.29457	2
19	18331	581.244729	234.650804	106.103723	2.211523	0.681833	6.390113	2
20	17483.5	582.516807	234.691287	97.252249	2.413222	0.647472	34.561613	2
21	16418.5	558.173661	222.649949	99.322706	2.241682	0.662224	8.854404	2
22	16967.5	549.830515	214.189169	108.115679	1.981111	0.705294	13.741597	2
23	17570	571.93102	230.65342	101.867561	2.264248	0.674985	9.78269	2
24	16996.5	564.717817	224.376915	101.178061	2.217644	0.66974	10.330654	2
25	18249.5	594.658942	223.378602	108.166538	2.065136	0.648522	9.621035	2
26	19369.5	597.629505	237.427884	109.658561	2.165156	0.681497	14.265485	2
27	17459.5	574.859953	233.976495	103.788246	2.254364	0.663923	20.419486	2
28	17940	593.989895	247.891105	94.92102	2.611551	0.638961	20.120669	2
29	20069.5	615.97265	245.177487	110.548632	2.217825	0.664697	12.14962	2
30	17849.5	565.68838	224.831048	109.384642	2.055417	0.700941	11.231655	2
31	15657.5	538.374671	217.331544	97.12878	2.237561	0.678833	17.11662	2
32	17368.5	560.374671	221.815238	102.396289	2.166243	0.695049	8.919962	2
33	17381	576.274166	232.363939	102.176318	2.274147	0.657698	9.498848	2
34	19207.5	600.516807	244.239636	105.929222	2.305687	0.669315	19.371386	2
35	17692.5	577.487369	229.244411	98.005102	2.339107	0.666675	37.849553	2
36	17610.5	574.232536	230.097805	99.849887	2.304437	0.671129	16.167581	2
37	15010	524.901583	206.770404	96.87621	2.134378	0.684597	5.433482	2
38	16913.5	562.090401	227.200352	100.960388	2.250391	0.672715	14.568567	2
39	18590	594.901583	242.668498	102.552426	2.366287	0.660084	31.041138	2
40	18560	577.93102	227.495055	110.222502	2.063962	0.69829	4.659531	2
41	19840.5	619.487369	251.718096	108.295891	2.324355	0.649677	7.046131	2
42	18878	598.274166	242.095023	103.484298	2.339437	0.662774	13.921316	2
43	16789	584.357426	221.542321	101.769347	2.176906	0.617842	8.718569	2
44	17675	617.671135	214.869728	110.476242	1.944941	0.582177	14.12244	2
45	17895.5	567.002088	226.373585	108.931171	2.078134	0.699495	7.472007	2
46	16488	617.185853	221.815238	103.392456	2.145372	0.543934	18.501006	2
47	17935.5	571.144223	227.490659	104.690019	2.172993	0.690926	21.295936	2
48	16057.5	578.232536	226.497241	94.191295	2.404652	0.603508	17.086169	2
1	12527	561.078208	244.965304	63.788714	3.840261	0.500046	9.184958	3
2	13743.5	605.80613	262.718481	64.381674	4.080641	0.470587	59.968933	3
3	13724	608.274166	262.185049	65.14599	4.024577	0.466114	19.7876	3
4	13535.5	620.031525	263.030416	63.560994	4.138236	0.442442	54.453947	3
5	9736	528.936073	235.257306	53.037722	4.43566	0.437305	20.763121	3
6	12650	558.391916	237.255137	67.067131	3.537577	0.509826	40.467144	3
7	13607.5	606.433546	263.167247	66.70832	3.945044	0.464967	49.725906	3
8	12568.5	576.835567	252.039679	63.505905	3.96876	0.474667	5.568388	3
9	13448.5	606.433546	263.685419	64.195015	4.107568	0.459534	6.074013	3
10	12234	615.019333	273.936124	58.694122	4.667182	0.406444	35.327009	3
11	10078.5	542.00714	240.752985	55.443665	4.342299	0.431118	9.477581	3
12	13626	594.04877	258.745048	63.387696	4.081944	0.485215	8.22546	3
13	13291.5	578.149276	252.343021	66.370174	3.802055	0.499694	34.528453	3
14	12385.5	558.776692	241.006224	65.276336	3.692092	0.498479	23.046458	3
15	12193.5	598.00714	268.307659	57.706152	4.64955	0.428475	9.795885	3
16	12168	595.7645	264.382299	59.3043	4.458063	0.430804	38.882178	3
17	11928.5	572.977703	249.162598	59.033889	4.220671	0.456584	17.043366	3
18	12304.5	564.634557	246	61.611687	3.992749	0.484997	12.80018	3
19	12795.5	556.776692	234.173013	70.064256	3.342261	0.518687	32.580542	3
20	13785	614.04877	264.189326	64.031242	4.125944	0.459421	16.787846	3
21	14909	629.362479	272.737969	68.88396	3.959383	0.472995	54.019125	3
22	11827.5	583.605119	256.400078	59.539903	4.306357	0.43638	26.170965	3
23	12186.5	608.835567	270.558681	59.3043	4.56221	0.413132	34.305402	3
24	13308	590.735062	261.354166	63.505905	4.115431	0.479222	32.418924	3
25	14481.5	617.663994	266.47514	65.375837	4.076049	0.477001	49.826997	3
26	11708	539.220343	231.036794	66.098411	3.495346	0.506011	58.884946	3
27	14508.5	624.149276	270.06851	66.272166	4.075142	0.46801	58.661586	3
28	11404.5	580.492422	259.233485	56.035703	4.62622	0.425298	16.132974	3
29	15006.5	637.948265	275.862284	69.050706	3.995068	0.46336	17.381817	3
30	13693.5	596.374671	254.974509	66.760767	3.819227	0.483822	12.811325	3
31	11512.5	537.261974	230.867928	63.890531	3.613492	0.501196	12.41081	3
32	10927.5	583.830515	257.769277	57.384667	4.491954	0.402863	32.0918	3
33	12312.5	588.232536	256.643722	59.413803	4.319598	0.447155	70.963329	3
34	12690.5	575.80613	251.431899	64.132675	3.920496	0.48099	51.045424	3
35	12023.5	604.835567	269.141227	60.671245	4.436059	0.413015	49.20005	3
36	12873.5	600.149276	262.545234	61.814238	4.247326	0.449146	27.422716	3
37	11357	578.735062	255.476026	57.870545	4.414612	0.426102	38.54851	3
38	12221.5	552.634557	241.580214	65.734314	3.675101	0.502873	13.136363	3
39	13533	584.190906	255.001961	64.938432	3.926827	0.498304	63.028161	3
40	11820	573.019333	230.824609	65.764732	3.509854	0.452365	8.750098	3
41	13172	613.102593	267.899235	60.016664	4.463747	0.440347	61.430646	3
42	11802.5	613.320849	273.592763	55.145263	4.96131	0.394283	16.814865	3
43	11558	539.906635	236.408545	61.814238	3.8245	0.498259	40.596888	3
44	12229	546.249781	237.842385	61.204575	3.886023	0.515013	42.931403	3
45	12591	583.421354	256.943574	63.198101	4.065685	0.464842	50.889397	3
46	12255.5	573.68838	245.489307	62.096699	3.953339	0.467939	20.930431	3
47	11507.5	534.350286	231.482181	64.938432	3.564641	0.506453	42.100791	3
48	12312.5	553.80613	243.905719	65.276336	3.736511	0.504476	25.745248	3
1	12875	570.04877	243.205674	65.069194	3.737647	0.49789	33.511393	3
2	11682.5	521.462984	223.486017	65.520989	3.410907	0.539882	13.894913	3
3	12780	574.04877	249.230817	63.788714	3.90713	0.487352	10.500531	3
4	9683	511.646749	220.292987	58.463664	3.768033	0.464814	35.578104	3
5	12354	559.563489	243.741667	63.198101	3.856788	0.495814	35.460894	3
6	13265.5	580.291411	250.241883	65.069194	3.845781	0.495041	25.057583	3
7	10426	495.421354	214.758003	61	3.520623	0.533799	18.60749	3
8	11230	584.617312	257.029181	57.008771	4.50859	0.412901	11.734044	3
9	12068	533.989895	227.490659	69.46222	3.275027	0.531838	27.880322	3
10	11003.5	522.575682	223.403223	61.400326	3.63847	0.50634	22.469012	3
11	9723.5	526.00714	228.709423	57.140179	4.002603	0.44162	3.553702	3
12	10391	548.107646	241.350368	56.0803	4.303657	0.434646	56.520683	3
13	10736.5	571.521859	252.958495	55.226805	4.580357	0.413054	5.415389	3
14	11382.5	526.291411	228.442553	63.600314	3.591846	0.51641	3.632952	3
15	12338.5	603.605119	262.908729	59.682493	4.405123	0.425565	6.520448	3
16	14314.5	627.747255	273.227012	64.536811	4.233661	0.456474	66.172896	3
17	12018	614.416301	270.601183	59.808026	4.524496	0.400052	43.887318	3
18	9810.5	533.521859	234.337364	56.320511	4.160782	0.433108	23.397167	3
19	11963	541.563489	232.606965	66.219333	3.512675	0.512568	20.170272	3
20	11961	563.362479	243.402958	63.126856	3.855775	0.473589	36.037894	3
21	12607.5	571.119838	248.712686	65.513357	3.796366	0.485718	7.606876	3
22	11754	550.592927	241.913208	60.207973	4.01796	0.48723	20.924168	3
23	11648	589.906635	261.619953	56.142675	4.659912	0.420625	18.238981	3
24	12117.5	589.830515	248.169297	63.158531	3.929308	0.437692	44.449739	3
25	12481.5	545.261974	234.480276	67.720012	3.462496	0.527553	33.43301	3
26	13823.5	603.261974	259.378102	65.122961	3.982898	0.477327	37.494052	3
27	13534.5	591.605119	259.239272	65.620119	3.950607	0.485946	9.40352	3
28	10294	562.558437	246.130047	52.801515	4.66142	0.408751	21.453742	3
29	13174.5	604.634557	255.158774	62.03225	4.113325	0.452854	73.435422	3
30	12802	595.705625	258.21309	63.285069	4.080158	0.45334	34.202637	3
31	12127.5	549.663994	233.308808	64.070274	3.641452	0.504413	47.27881	3
32	13354	588.04877	255.54843	65.115282	3.924554	0.485282	52.0139	3
33	11921	565.563489	244.165927	60.033324	4.067173	0.468338	58.553858	3
34	14116	627.102593	269.979629	65.764732	4.105234	0.45107	41.999764	3
35	13948.5	611.119838	268.538638	65.122961	4.123563	0.469337	24.062635	3
36	12116.5	587.261974	250.059993	60.299254	4.146983	0.441492	25.285036	3
37	11334.5	574.149276	256.236219	62.072538	4.128013	0.432078	35.912032	3
38	11567	574.592927	255.22735	58.309519	4.377113	0.440261	34.870575	3
39	10917	569.906635	254.503438	55.081757	4.620467	0.422382	13.486724	3
40	11365.5	548.634557	242.63759	59.439044	4.082125	0.474495	11.805035	3
41	10782	565.421354	252.230054	56.885851	4.433968	0.423804	9.006537	3
42	13044.5	570.433546	247.891105	66.287254	3.73965	0.503764	13.762176	3
43	12724	581.93102	249.208748	65.551506	3.801724	0.472161	38.938866	3
44	11509.5	534.350286	234.337364	59.3043	3.95144	0.506541	42.089006	3
45	10443.5	558.433546	243.821656	55.901699	4.361614	0.420836	21.497277	3
46	11927	595.421354	262.488095	57.078893	4.598689	0.422758	14.556	3
47	13040.5	579.462984	250.683067	62.39391	4.017749	0.488037	63.834161	3
48	13031	593.362479	259.514932	61.846584	4.196108	0.465101	32.150152	3
1	14997	613.587874	260.537905	72.780492	3.579777	0.500565	9.265786	4
2	10585	493.906635	213.721782	63.788714	3.350464	0.545269	18.633932	4
3	12063	569.84776	248.261958	70.349129	3.528998	0.466818	43.073965	4
4	12812	559.84776	239.415956	67.364679	3.554028	0.513673	25.911729	4
5	14795	599.84776	257.497573	72.173402	3.567763	0.516705	30.248587	4
6	13690.5	586.149276	253.712436	67.742158	3.745266	0.50074	15.308532	4
7	12704.5	555.948265	242.40462	66.287254	3.656881	0.516534	45.301593	4
8	15953.5	637.605119	272.523393	71.700767	3.800843	0.493131	19.381587	4
9	14054.5	588.634557	256.035154	69.260378	3.696705	0.509722	32.157799	4
10	13258.5	585.80613	256.400078	63.63961	4.028939	0.485508	17.54958	4
11	13862.5	571.80613	245.489307	72.443081	3.38872	0.532787	21.309062	4
12	13696	577.705625	250.683067	67.475922	3.715148	0.515692	27.936793	4
13	13584	561.84776	244	73.164199	3.334964	0.540755	6.882	4
14	14685.5	591.948265	253.239018	71.063352	3.563567	0.526661	12.80216	4
15	13923.5	592.717817	252.669745	70.45566	3.586224	0.498038	8.134848	4
16	14552.5	605.546244	256.970815	72.18033	3.560122	0.498715	35.96364	4
17	15597	637.303604	274.322803	73.082146	3.753623	0.482568	25.641881	4
18	11774	564.190906	239.883305	62.513998	3.837273	0.464817	16.896215	4
19	12865.5	587.605119	243.741667	66.189123	3.682503	0.468237	45.542088	4
20	13212.5	583.002088	249.873968	66.483081	3.75846	0.488489	46.636418	4
21	11076.5	503.865005	213.412746	64.776539	3.294599	0.548257	20.519421	4
22	12225	537.705625	234.610315	68.066144	3.446799	0.531336	11.317762	4
23	13093	571.220343	248.573933	66.910388	3.715028	0.504245	24.115973	4
24	13148	581.019333	253.810953	65.513357	3.874186	0.489428	24.291678	4
25	13901	593.563489	256.538496	68.731361	3.732481	0.495817	43.73086	4
26	13664	575.563489	247.080958	69.584481	3.550806	0.518324	5.302123	4
27	13799	595.161468	257.573291	66.940272	3.847808	0.48954	38.347832	4
28	13571.5	581.68838	246.617112	71.309186	3.45842	0.504031	47.728379	4
29	13868.5	590.090401	253.333772	68.066144	3.721876	0.500498	14.955833	4
30	14542.5	600.634557	256.439077	71.112587	3.6061	0.506557	13.237282	4
31	12230	571.362479	237.899138	66.483081	3.578341	0.470774	15.801855	4
32	11836.5	554.634557	235.3593	63.071388	3.731633	0.483525	42.925983	4
33	12702	565.563489	242.39637	65.620119	3.693934	0.499021	14.389659	4
34	13437	607.705625	251.67638	65.490457	3.842947	0.45722	19.272223	4
35	12699	573.362479	240.441261	67.26812	3.574372	0.485424	25.214382	4
36	11615	521.705625	223.143452	64.761099	3.44564	0.536263	40.61313	4
37	13162.5	569.345234	241.660919	69.634761	3.470406	0.510266	26.908788	4
38	12382.5	551.119838	237.427884	65.375837	3.631738	0.512302	9.089253	4
39	13922	601.161468	256.780062	66.407831	3.866714	0.484093	36.794918	4
40	12022	563.220343	239.409691	64.124878	3.733492	0.476244	21.25989	4
41	14300	589.705625	256.329866	68.066144	3.765894	0.516744	12.765965	4
42	14876	634.759447	271.280298	68.066144	3.985539	0.463957	24.562505	4
43	13891	614.132031	259.946148	68.622154	3.788079	0.462828	30.196156	4
44	11850	541.161468	227.8618	67.896981	3.355993	0.508481	14.692657	4
45	14417.5	621.085348	260.72591	70.661163	3.689805	0.469675	19.75852	4
46	13202	565.563489	243.741667	67.186308	3.627847	0.518665	30.555931	4
47	11832.5	554.801077	237.472104	63.06346	3.765605	0.483072	42.934806	4
48	14118.5	598.374671	257.614052	69.050706	3.730795	0.49551	36.656498	4
1	11490	525.019333	224.902201	68.007353	3.307028	0.523817	27.825442	4
2	13238.5	574.918828	246.288449	66.483081	3.704528	0.50331	33.086517	4
3	13748	583.84776	252.857667	70.035705	3.610411	0.506816	32.940196	4
4	12205	556.333041	236.177899	65.620119	3.599169	0.495539	8.60589	4
5	12612.5	562.776692	242.002066	65.276336	3.707348	0.500425	31.336525	4
6	11418	525.906635	228.632894	65.192024	3.507068	0.518779	38.312343	4
7	10542.5	525.320849	217.589062	62.201286	3.498144	0.48007	8.062334	4
8	13411.5	598.943213	250.139961	68.709534	3.640542	0.469803	27.837055	4
9	12660.5	558.232536	238.296034	68.731361	3.467064	0.510541	22.238097	4
10	12695.5	559.605119	239.885389	66.219333	3.622588	0.509444	41.700225	4
11	14266	614.04877	267.046812	66.483081	4.016764	0.475452	34.538868	4
12	15036	617.646749	264.560012	71.8401	3.682623	0.495293	12.196661	4
13	13087	551.84776	234.337364	70.45566	3.326026	0.540022	29.078894	4
14	13575.5	565.948265	243.195395	70.405966	3.454187	0.532614	32.801267	4
15	13792	588.190906	253.503452	71.021124	3.569409	0.500957	9.586473	4
16	13572.5	563.119838	241.006224	72.339477	3.3316	0.537859	31.442445	4
17	14233.5	597.88939	253.931093	71.470274	3.552961	0.500357	41.901275	4
18	13158.5	553.80613	238.472221	70.114193	3.401198	0.539139	8.682529	4
19	12461	559.646749	241.373155	64.845971	3.722254	0.499959	40.579205	4
20	13327.5	570.492422	244.135208	66.910388	3.648689	0.514587	18.00114	4
21	12807.5	579.320849	252.642039	64.195015	3.93554	0.479552	16.573005	4
22	13932	601.078208	262.408079	66.287254	3.958651	0.484575	10.818793	4
23	13695	581.504614	251.390135	68.117545	3.690534	0.508939	22.435552	4
24	13091	577.705625	254.232177	65.276336	3.894707	0.492912	26.312148	4
25	12323.5	549.80613	238.516247	65.513357	3.640727	0.5123	8.738287	4
26	13579.5	571.747255	241.627813	72.443081	3.335416	0.522018	39.689695	4
27	14498	588.190906	255.327241	71.344236	3.578807	0.526601	29.890371	4
28	14438	602.132031	261.275716	70.604532	3.700552	0.500419	12.704235	4
29	13432.5	578.149276	249.200722	67.067131	3.715691	0.504995	44.295805	4
30	13128	585.161468	251.920622	63.600314	3.960996	0.481789	37.845721	4
31	12198.5	561.261974	243.821656	65.14599	3.742696	0.486615	33.71368	4
32	14516.5	602.918828	257.777035	69.180922	3.726129	0.501827	37.310931	4
33	13514.5	586.634557	253.160028	66.030296	3.833998	0.493486	47.158487	4
34	15007	595.362479	258.379566	72.111026	3.58308	0.532036	8.094735	4
35	13978	581.563489	253.712436	68.731361	3.691363	0.519351	6.493773	4
36	12804.5	547.119838	236.957802	67.911707	3.489204	0.537536	9.99946	4
37	12035.5	552.859953	234.829726	65.734314	3.572407	0.494816	30.866471	4
38	12791	540.735062	232.55107	67.186308	3.461287	0.549725	43.498872	4
39	12690.5	557.320849	241.406297	68.117545	3.543966	0.513426	20.49697	4
40	11750.5	544.575682	235.906761	63.245553	3.730013	0.497909	16.943744	4
41	14339	596.333041	259.532272	71.309186	3.639535	0.5067	4.632654	4
42	14832.5	613.747255	262.880201	69.050706	3.80706	0.494818	8.595032	4
43	12171	551.303604	235.342304	66.287254	3.55034	0.503216	28.3813	4
44	12916.5	544.918828	235.688354	70.178344	3.35842	0.546627	9.709372	4
45	13182.5	567.060963	242.507732	67.475922	3.593989	0.515167	14.087194	4
46	10138	540.391916	226.179133	60.033324	3.76756	0.436259	64.727317	4
47	14139	599.019333	258.379566	72.111026	3.58308	0.495162	32.433162	4
48	12862	562.592927	245.601303	64.381674	3.81477	0.510658	35.158345	4
1	13815.5	584.717817	248.501509	71.589105	3.47122	0.50779	42.55767	5
2	15483.5	624.776692	268.262931	72.339477	3.708389	0.498459	9.780259	5
3	13237.5	577.605119	249.064249	67.26812	3.70256	0.498602	44.495558	5
4	14925	604.534052	258.275047	74.966659	3.445199	0.513195	38.605806	5
5	15557.5	618.801077	267.080512	74.84651	3.568376	0.510561	41.391717	5
6	13227	551.646749	232.348876	73.437048	3.163919	0.546197	30.605582	5
7	10647	518.735062	223.606798	61	3.665685	0.497217	14.867049	5
8	10254	543.303604	241.919408	58.189346	4.157452	0.436534	5.891368	5
9	13331.5	548.977703	237.168716	72.691127	3.262691	0.555878	10.172117	5
10	14837.5	626.717817	271.737005	72.124892	3.76759	0.474708	46.52001	5
11	14207.5	597.80613	262.617593	67.186308	3.908796	0.499582	49.786474	5
12	15569.5	620.575682	264.682829	73.979727	3.577775	0.508037	60.255925	5
13	14872	607.671135	260.823695	71.589105	3.643343	0.506107	62.912224	5
14	12925	558.877198	240.141625	68.593003	3.500964	0.520005	42.957297	5
15	14538.5	607.345234	260.647271	74.330344	3.506607	0.495288	26.824795	5
16	12220	543.84776	230.054341	67.26812	3.419961	0.51919	4.725763	5
17	13201.5	571.88939	248.284111	68.007353	3.650842	0.507235	28.376161	5
18	13213.5	608.00714	267.172229	65.276336	4.092942	0.44917	47.488948	5
19	12903.5	584.776692	243.462523	69.115845	3.522528	0.474174	33.294848	5
20	12212	550.700572	231.821052	69.260378	3.347095	0.506018	13.862464	5
21	12465.5	575.948265	238.027309	68.593003	3.47014	0.472229	40.579986	5
22	13492.5	579.487369	246.077224	73.375745	3.353659	0.50491	24.963022	5
23	15176	631.646749	273.239821	70.349129	3.884054	0.47799	39.763891	5
24	13849.5	606.801077	255.88474	68.007353	3.762604	0.472663	27.273952	5
25	14333.5	635.77164	260.775766	70.774289	3.684612	0.445615	32.174723	5
26	14627	599.504614	258.698666	73.545904	3.517513	0.511423	35.527983	5
27	13833	608.215291	251.149358	73.375745	3.422784	0.469907	6.482669	5
28	14658	610.534052	262.550947	68.117545	3.854381	0.494157	26.206255	5
29	12041	592.877198	263.531782	59.841457	4.403833	0.43047	4.506213	5
30	13834	584.617312	249.230817	72.006944	3.461205	0.508644	25.984221	5
31	12942	578.333041	245.967478	68.066144	3.613654	0.486245	16.957756	5
32	15200	628.274166	269.757298	73.054774	3.692535	0.483899	49.886733	5
33	15412	640.333041	277.218326	70.064256	3.95663	0.472343	36.364003	5
34	12945.5	573.948265	253.387056	67.119297	3.775174	0.493837	26.533389	5
35	14579.5	619.462984	256.943574	71.25307	3.60607	0.477443	13.51442	5
36	15331.5	629.002088	267.899235	72.36712	3.701947	0.486957	47.953973	5
37	10940	513.563489	220.581051	65.192024	3.383559	0.521241	25.668081	5
38	12644	564.190906	236.516384	70.405966	3.359323	0.499163	9.292675	5
39	12761	560.901583	240.337263	67.119297	3.580748	0.509708	28.637683	5
40	12375.5	553.119838	236.408545	68.066144	3.473218	0.508316	49.24582	5
41	12532.5	538.291411	231.106036	71.028163	3.253724	0.543516	8.613113	5
42	12853.5	586.575682	243.823707	68.410526	3.564126	0.469443	48.506488	5
43	12819.5	568.291411	235.153142	70.213959	3.349094	0.498814	10.823109	5
44	14930.5	601.605119	258.193726	72.062473	3.582915	0.518395	11.937393	5
45	14342	607.705625	265.062257	67.475922	3.92825	0.488015	29.895006	5
46	12952	607.445739	250.251873	65.306967	3.831932	0.441095	11.944029	5
47	13753.5	628.315796	276.920566	65.192024	4.247768	0.437791	21.307341	5
48	15594.5	619.605119	269.156089	72.56032	3.709412	0.510448	10.3458	5
1	13456	616.700572	252.936751	68.709534	3.681247	0.444608	23.771022	5
2	12255	528.877198	226.126071	70.213959	3.220529	0.550571	4.309538	5
3	15919.5	632.090401	273.528792	75.166482	3.638973	0.500704	40.707747	5
4	13855	579.646749	249.513527	70.837843	3.52232	0.518191	26.020659	5
5	14863.5	633.404109	274.657969	73.171033	3.753643	0.465553	31.304907	5
6	14965	636.357426	275.566689	68.963759	3.995819	0.464392	49.464141	5
7	13134.5	565.948265	241.505694	69.050706	3.497512	0.515312	27.448822	5
8	10970.5	512.232536	218.506293	64.776539	3.373232	0.525414	16.700026	5
9	11852	525.019333	224.617453	68.410526	3.283376	0.54032	39.060184	5
10	14340.5	587.88939	253.653307	74.330344	3.412514	0.521414	32.50467	5
11	13846.5	578.173661	244.38085	72.56721	3.367648	0.520515	44.045251	5
12	15793	619.84776	265.680259	75.166482	3.534558	0.516541	17.13637	5
13	12719	570.416301	240.376788	66.70832	3.6034	0.491223	9.862466	5
14	12905.5	590.291411	245.277394	67.364679	3.641039	0.465427	23.90507	5
15	15318	635.303604	270.667693	72.443081	3.736281	0.476924	53.876417	5
16	14576	605.646749	258.21309	71.344236	3.619257	0.499355	17.714675	5
17	14677	629.73001	269.966665	70.342022	3.837915	0.465091	25.626938	5
18	15469	643.587874	277.670668	70.859015	3.918636	0.469306	41.057358	5
19	12082	544.475177	224.964442	69.634761	3.230634	0.512145	7.213113	5
20	12158	531.161468	225.88714	68.88396	3.279241	0.541525	7.778248	5
21	15366.5	624.717817	269.786953	72.443081	3.724123	0.494786	37.928058	5
22	13869.5	576.433546	250.12197	70.830784	3.531261	0.524532	18.716337	5
23	13168	601.019333	252.792405	68.183576	3.707526	0.458092	24.313854	5
24	9731	549.078208	245.601303	59.413803	4.133741	0.405601	19.114187	5
25	13500.5	588.600067	252.232036	67.535176	3.734825	0.489688	26.190048	5
26	15566	625.705625	270.977859	72.249567	3.750581	0.499628	56.320459	5
27	15011	622.132031	264.213928	72.18033	3.66047	0.487365	20.7597	5
28	15229	625.646749	272.413289	72.111026	3.777693	0.488903	37.273426	5
29	15052.5	608.717817	260.892698	73.681748	3.540805	0.510489	36.356351	5
30	11456	527.906635	222.461233	65.764732	3.382683	0.516569	26.330833	5
31	11689	545.220343	230.158641	65.924199	3.491262	0.494132	14.833785	5
32	15024	604.676187	258.30602	73.006849	3.538107	0.516357	10.125462	5
33	13850	582.676187	255.931631	70.405966	3.635084	0.512631	32.096516	5
34	14444	617.303604	264.69983	72.532751	3.649384	0.476321	15.637665	5
35	14605	617.504614	270.362719	71.112587	3.801897	0.481317	28.938297	5
36	15407.5	627.404109	269.356641	73.334848	3.672969	0.491867	38.816668	5
37	14896.5	629.605119	258.435679	73.109507	3.534912	0.472234	17.424702	5
38	14361	601.362479	261.199158	70.349129	3.712898	0.499025	7.274242	5
39	15317	618.475177	268.1287	72.56721	3.694902	0.503198	39.009029	5
40	12928	580.04877	242.909448	69.260378	3.507192	0.48285	14.25774	5
41	14291.5	593.948265	258.768236	70.035705	3.694804	0.509085	41.308084	5
42	15385	663.362479	275.219912	71.063352	3.872881	0.439345	47.637324	5
43	12211	540.190906	230.766115	68.680419	3.359999	0.525856	19.32912	5
44	11605.5	549.80613	230.37578	64.629715	3.564549	0.482453	11.576956	5
45	12665	578.190906	245.953248	64.776539	3.79695	0.476072	56.388499	5
46	13496	605.84776	264.954713	63.150614	4.1956	0.462049	44.352643	5
47	13209	564.534052	246.497464	68.731361	3.58639	0.520834	23.001205	5
48	15481.5	622.433546	269.668315	72.56721	3.716118	0.502154	56.607258	5
1	12334	527.563489	226.134915	69.720872	3.243432	0.556883	40.995483	6
2	11889.5	527.80613	226.221131	68.066144	3.323548	0.536321	33.271196	6
3	12141	526.877198	225.390772	69.634761	3.236757	0.549598	20.026365	6
4	11739.5	506.977703	215.244048	70.710678	3.044011	0.57396	33.839837	6
5	12968	554.818322	233.805475	71.063352	3.290099	0.529397	14.326838	6
6	12630.5	535.948265	229.261859	71.386273	3.211568	0.552567	24.886471	6
7	11879	524.818322	224.198573	68.658576	3.265413	0.541966	29.947973	6
8	10493	507.906635	221.144749	62.03225	3.564996	0.511142	13.041281	6
9	12014	525.504614	222.912539	68.88396	3.236059	0.546694	8.006807	6
10	12912.5	546.090401	224.180731	76.059187	2.947451	0.544116	11.665519	6
11	12564.5	544.717817	230.867928	70.837843	3.259104	0.532123	39.371509	6
12	13099.5	544.516807	226.645097	74.726167	3.033008	0.55519	23.283934	6
13	11106.5	497.80613	212.049523	69.634761	3.045168	0.563205	10.453335	6
14	11218.5	513.462984	216.684102	65.764732	3.294837	0.53472	6.348293	6
15	10861.5	537.88939	235.919478	60.406953	3.905502	0.471752	22.424113	6
16	11403.5	512.516807	217.830209	67.779053	3.213828	0.545547	26.322338	6
17	12175.5	533.462984	229.366519	68.359345	3.355306	0.537636	8.943512	6
18	12817	545.220343	235.416652	69.115845	3.406117	0.541816	6.589764	6
19	11681.5	521.119838	225.337525	67.26812	3.349841	0.540547	37.059062	6
20	11729.5	522.918828	224.955551	67.26812	3.344163	0.53904	19.697766	6
21	12398.5	535.203098	227.501648	72.034714	3.158222	0.543928	8.043086	6
22	12458	533.989895	224.414795	72.780492	3.083447	0.549025	6.719674	6
23	11416	504.735062	215.392665	68.117545	3.162073	0.563115	10.248192	6
24	12425	540.073156	231.905153	68.942005	3.363772	0.535305	7.89751	6
25	11444.5	499.462984	211.236834	70.064256	3.014902	0.576501	20.801892	6
26	11930.5	520.031525	218.082553	71.386273	3.054965	0.554382	28.752414	6
27	12160	524.534052	223.725278	69.260378	3.230206	0.555387	19.293026	6
28	12265.5	542.433546	233.565837	69.46222	3.362487	0.523844	39.374728	6
29	9479.5	504.977703	223.787846	58.051701	3.854975	0.467144	18.132045	6
30	12794	539.906635	232.355331	67.742158	3.429996	0.551542	46.487149	6
31	13628	558.190906	239.653917	73.348483	3.267333	0.549638	34.609873	6
32	11374	515.445739	221.720545	67.446275	3.287365	0.537969	32.424659	6
33	12800	546.534052	235.153142	69.231496	3.396621	0.5385	6.37824	6
34	12285.5	540.575682	232.834705	67.911707	3.428491	0.528311	15.921892	6
35	11955	547.84776	225.144398	68.593003	3.282323	0.500541	25.415442	6
36	11031	505.362479	214.15882	66.287254	3.230769	0.542774	41.784631	6
37	12071.5	511.462984	220.635446	70.859015	3.113724	0.579886	3.434274	6
38	11637	515.906635	223.725278	66.189123	3.380091	0.549425	5.013273	6
39	11496.5	522.492422	221.183182	67.067131	3.297937	0.529195	11.731989	6
40	11044.5	508.776692	218.563492	65.734314	3.324953	0.536169	15.086734	6
41	10609.5	506.835567	222.991031	61.294372	3.638034	0.519004	25.9222	6
42	11243.5	527.261974	228.849295	64.776539	3.532904	0.508228	17.507761	6
43	10184	498.877198	216.171228	62.585941	3.45399	0.514211	8.588277	6
44	11700.5	518.232536	220.476756	70.035705	3.148062	0.547476	11.304279	6
45	10115	528.391916	234.183689	57.271284	4.089025	0.455264	4.825684	6
46	11776	512.391916	218.915509	69.260378	3.160761	0.563642	10.024606	6
47	12326	538.877198	231.175258	68.066144	3.396333	0.533399	34.731709	6
48	11964	518.333041	219.79081	70.5762	3.114234	0.559588	28.168792	6
1	12358	524.534052	225.142177	71.063352	3.16819	0.564431	15.240551	6
2	13328.5	547.462984	234.30749	71.112587	3.294881	0.558832	20.82826	6
3	12229.5	544.232536	231.624696	67.416615	3.435721	0.518859	20.375993	6
4	13409	576.333041	251.543237	71.805292	3.503129	0.507293	16.878763	6
5	11003.5	493.80613	214.580987	65.490457	3.276523	0.567058	25.673368	6
6	12491.5	533.320849	229.386137	69.720872	3.290064	0.551883	6.320307	6
7	11847.5	534.149276	227.495055	67.119297	3.389414	0.521809	21.22964	6
8	11592.5	518.090401	221.77466	69.584481	3.187128	0.54272	26.959723	6
9	11808.5	520.291411	226.373585	68.117545	3.323279	0.548165	19.52755	6
10	13108	542.818322	233.122286	72.532751	3.214028	0.559033	24.799317	6
11	12890.5	543.462984	234.940418	70.256672	3.34403	0.548453	55.052556	6
12	14055.5	574.090401	242.095023	75.325958	3.213965	0.535915	19.43746	6
13	13210.5	559.060963	237.739353	74.1485	3.20626	0.531142	34.990179	6
14	10353.5	517.320849	228.186327	57.870545	3.943048	0.486158	12.608888	6
15	11355	513.102593	218.680132	67.720012	3.22918	0.541987	40.753678	6
16	12577	552.333041	236.662207	68.468971	3.456488	0.518066	26.485406	6
17	11420.5	499.605119	210.544532	73.006849	2.883901	0.574965	11.147737	6
18	11566	547.078208	240.187427	62.801274	3.824563	0.485617	15.817352	6
19	11982.5	522.149276	225.268728	67.067131	3.358854	0.552291	15.413587	6
20	12194	517.646749	219.173447	72.422372	3.026322	0.571859	3.823026	6
21	12228.5	532.149276	229.960866	67.26812	3.418571	0.542645	40.181036	6
22	12470	534.04877	232.484408	68.117545	3.412989	0.549433	26.306804	6
23	12847.5	545.462984	236.326046	69.354164	3.407525	0.542623	13.965499	6
24	10793.5	513.80613	223.573254	61.131007	3.657281	0.513776	24.557516	6
25	10076.5	500.977703	219.346757	60.671245	3.615333	0.504525	4.045144	6
26	13087	548.391916	235.423024	70.035705	3.361471	0.54685	36.243921	6
27	10757.5	504.149276	219.92044	65.620119	3.351418	0.531867	20.73766	6
28	13223.5	546.291411	234.104677	69.87131	3.350512	0.556811	15.968425	6
29	11529	519.705625	220.755521	66.483081	3.320477	0.536397	21.69473	6
30	12543.5	538.031525	229.595296	70.837843	3.241139	0.544519	37.934283	6
31	12530.5	527.948265	226.126071	71.386273	3.167641	0.564931	45.234108	6
32	13216	548.534052	229.786858	73.24616	3.137186	0.551954	6.743762	6
33	13278	556.735062	239.365829	70.035705	3.417769	0.538326	10.74811	6
34	10595.5	509.462984	220.952484	63.788714	3.463818	0.512987	10.827007	6
35	12884.5	557.060963	238.72369	67.082039	3.558683	0.521761	11.69318	6
36	10513.5	532.350286	234.676373	60.406953	3.884923	0.466189	28.956229	6
37	11635.5	510.977703	218.741857	69.260378	3.158254	0.560004	14.271197	6
38	11599	508.333041	217.938065	69.584481	3.131992	0.564071	7.584776	6
39	11525.5	498.291411	210.116634	72.027772	2.917161	0.583315	24.96534	6
40	12858	567.906635	239.885389	70.213959	3.416491	0.50099	20.371253	6
41	12131.5	550.149276	240.532742	67.119297	3.58366	0.50369	45.085434	6
42	11218.5	545.80613	240.634578	62.169124	3.870644	0.473225	9.458436	6
43	13202	550.04877	233.452351	74.431176	3.136486	0.548337	9.484842	6
44	11375	495.563489	211.340957	68.117545	3.102592	0.582053	18.546076	6
45	12786	549.421354	235.766834	68.183576	3.457824	0.532272	6.532945	6
46	11296	491.563489	209.773688	70.859015	2.960438	0.587456	8.438862	6
47	11241.5	555.178713	245.814971	58.215118	4.222528	0.45832	16.581139	6
48	12806	551.362479	239.754041	67.186308	3.568496	0.529357	39.560311	6